10
0 6373 5821 3052 666 9269 7427 203 4763 7650 
6373 0 4889 4607 6912 9632 742 5922 3802 8382 
5821 4889 0 4941 4172 3325 5467 9583 1193 7961 
3052 4607 4941 0 1419 5553 2203 1162 7898 4816 
666 6912 4172 1419 0 6684 541 2848 9443 6198 
9269 9632 3325 5553 6684 0 4645 9637 4497 1350 
7427 742 5467 2203 541 4645 0 8972 1751 7378 
203 5922 9583 1162 2848 9637 8972 0 6766 4461 
4763 3802 1193 7898 9443 4497 1751 6766 0 2777 
7650 8382 7961 4816 6198 1350 7378 4461 2777 0 
