16
0 999993164 999998002 999993373 999992985 999990623 999992035 999996582 999997695 999994233 999993402 999996397 999996834 999992376 999998977 999998520 
999993164 0 999991791 999994552 999990119 999998011 999998509 999999164 999997581 999999390 999991775 999999344 999996965 999996640 999998588 999994894 
999998002 999991791 0 999994089 999993167 999999930 999997795 999998461 999999268 999999583 999993360 999998853 999993791 999997142 999994943 999993012 
999993373 999994552 999994089 0 999999045 999997554 999998300 999991498 999993052 999999589 999992240 999999532 999995427 999998782 999990621 999998385 
999992985 999990119 999993167 999999045 0 999995282 999997716 999997403 999991888 999999750 999996581 999993029 999998507 999999817 999997950 999990627 
999990623 999998011 999999930 999997554 999995282 0 999990106 999997171 999993625 999990134 999994456 999994724 999995800 999993478 999996623 999997901 
999992035 999998509 999997795 999998300 999997716 999990106 0 999992260 999993819 999999507 999996610 999997684 999995838 999992063 999991568 999994174 
999996582 999999164 999998461 999991498 999997403 999997171 999992260 0 999997918 999999314 999990623 999992448 999998754 999990536 999992406 999998061 
999997695 999997581 999999268 999993052 999991888 999993625 999993819 999997918 0 999996466 999993576 999993137 999997319 999994885 999992754 999994357 
999994233 999999390 999999583 999999589 999999750 999990134 999999507 999999314 999996466 0 999997246 999999113 999990613 999999726 999991676 999999316 
999993402 999991775 999993360 999992240 999996581 999994456 999996610 999990623 999993576 999997246 0 999998674 999992525 999990239 999991181 999996994 
999996397 999999344 999998853 999999532 999993029 999994724 999997684 999992448 999993137 999999113 999998674 0 999995187 999992676 999991194 999990281 
999996834 999996965 999993791 999995427 999998507 999995800 999995838 999998754 999997319 999990613 999992525 999995187 0 999999467 999995703 999994729 
999992376 999996640 999997142 999998782 999999817 999993478 999992063 999990536 999994885 999999726 999990239 999992676 999999467 0 999996696 999994396 
999998977 999998588 999994943 999990621 999997950 999996623 999991568 999992406 999992754 999991676 999991181 999991194 999995703 999996696 0 999996363 
999998520 999994894 999993012 999998385 999990627 999997901 999994174 999998061 999994357 999999316 999996994 999990281 999994729 999994396 999996363 0 
