10
0 6392 4776 1933 1206 5620 987 6110 7199 8416 
6392 0 768 3720 7176 1394 1716 8003 9526 5450 
4776 768 0 4420 5157 633 8424 4164 2978 4513 
1933 3720 4420 0 3501 6370 1750 1712 2320 8823 
1206 7176 5157 3501 0 1921 9058 8130 9918 4275 
5620 1394 633 6370 1921 0 6698 9204 8280 6056 
987 1716 8424 1750 9058 6698 0 7598 9543 671 
6110 8003 4164 1712 8130 9204 7598 0 5365 3606 
7199 9526 2978 2320 9918 8280 9543 5365 0 4771 
8416 5450 4513 8823 4275 6056 671 3606 4771 0 
