10
0 6412 3730 814 4514 1972 1780 4785 2403 9181 
6412 0 9416 2832 7440 3155 2690 84 5251 2518 
3730 9416 0 6667 3373 709 1381 8746 4763 3832 
814 2832 6667 0 2815 7187 8529 2262 6741 61 
4514 7440 3373 2815 0 9927 4806 6180 393 2351 
1972 3155 709 7187 9927 0 8752 1538 4831 762 
1780 2690 1381 8529 4806 8752 0 8993 4567 1195 
4785 84 8746 2262 6180 1538 8993 0 1196 2752 
2403 5251 4763 6741 393 4831 4567 1196 0 9534 
9181 2518 3832 61 2351 762 1195 2752 9534 0 
