10
0 999993400 999995455 999991641 999998839 999999608 999999847 999991302 999993539 999993419 
999993400 0 999999493 999995747 999990006 999990743 999990665 999990724 999994949 999992135 
999995455 999999493 0 999996015 999998750 999998349 999991880 999998097 999999114 999992538 
999991641 999995747 999996015 0 999992182 999993997 999990760 999995189 999993492 999997254 
999998839 999990006 999998750 999992182 0 999992627 999994448 999995021 999992460 999997881 
999999608 999990743 999998349 999993997 999992627 0 999999761 999990302 999998092 999995800 
999999847 999990665 999991880 999990760 999994448 999999761 0 999991729 999990768 999999750 
999991302 999990724 999998097 999995189 999995021 999990302 999991729 0 999992856 999998994 
999993539 999994949 999999114 999993492 999992460 999998092 999990768 999992856 0 999998838 
999993419 999992135 999992538 999997254 999997881 999995800 999999750 999998994 999998838 0 
