10
0 999993370 999997024 999994704 999998877 999995081 999997274 999996058 999997117 999998655 
999993370 0 999999290 999997079 999999609 999998101 999992820 999997602 999992746 999992917 
999997024 999999290 0 999994028 999992274 999996003 999997445 999992608 999995052 999994943 
999994704 999997079 999994028 0 999991827 999992772 999995591 999997980 999999091 999990396 
999998877 999999609 999992274 999991827 0 999998387 999998057 999990714 999990364 999999383 
999995081 999998101 999996003 999992772 999998387 0 999991681 999991800 999996033 999997357 
999997274 999992820 999997445 999995591 999998057 999991681 0 999998789 999998231 999998428 
999996058 999997602 999992608 999997980 999990714 999991800 999998789 0 999997726 999995276 
999997117 999992746 999995052 999999091 999990364 999996033 999998231 999997726 0 999995847 
999998655 999992917 999994943 999990396 999999383 999997357 999998428 999995276 999995847 0 
