10
0 999993354 999998818 999990919 999999633 999999044 999990409 999990496 999991753 999991633 
999993354 0 999997262 999997818 999999389 999998479 999998392 999997714 999991592 999999899 
999998818 999997262 0 999997438 999995888 999999452 999995903 999990739 999995514 999992638 
999990919 999997818 999997438 0 999994348 999993014 999997352 999993905 999994662 999996775 
999999633 999999389 999995888 999994348 0 999993382 999993445 999996595 999992841 999999036 
999999044 999998479 999999452 999993014 999993382 0 999998303 999994289 999993163 999997230 
999990409 999998392 999995903 999997352 999993445 999998303 0 999996422 999999610 999992068 
999990496 999997714 999990739 999993905 999996595 999994289 999996422 0 999994994 999998578 
999991753 999991592 999995514 999994662 999992841 999993163 999999610 999994994 0 999999929 
999991633 999999899 999992638 999996775 999999036 999997230 999992068 999998578 999999929 0 
