10
0 999993338 999997843 999999902 999990388 999990239 999990775 999997702 999993622 999997379 
999993338 0 999995234 999998558 999999169 999996089 999991196 999995057 999993205 999996881 
999997843 999995234 0 999993616 999996735 999990132 999994362 999998871 999995976 999990333 
999999902 999998558 999993616 0 999996869 999993256 999999114 999997063 999997465 999993154 
999990388 999999169 999996735 999996869 0 999998377 999996066 999992475 999995317 999998690 
999990239 999996089 999990132 999993256 999998377 0 999994925 999994010 999990293 999994334 
999990775 999991196 999994362 999999114 999996066 999994925 0 999996823 999993757 999992941 
999997702 999995057 999998871 999997063 999992475 999994010 999996823 0 999999495 999991879 
999993622 999993205 999995976 999997465 999995317 999990293 999993757 999999495 0 999991244 
999997379 999996881 999990333 999993154 999998690 999994334 999992941 999991879 999991244 0 
