10
0 999993315 999990909 999995925 999995785 999993573 999996056 999995915 999994113 999990102 
999993315 0 999995503 999999593 999998861 999994957 999996444 999993552 999992911 999995763 
999990909 999995503 0 999995711 999993920 999999300 999999989 999991576 999999176 999996766 
999995925 999999593 999995711 0 999992952 999991381 999993794 999992805 999995819 999991530 
999995785 999998861 999993920 999992952 0 999990139 999999180 999993262 999999124 999995651 
999993573 999994957 999999300 999991381 999990139 0 999991428 999999620 999992828 999995049 
999996056 999996444 999999989 999993794 999999180 999991428 0 999999170 999999562 999995484 
999995915 999993552 999991576 999992805 999993262 999999620 999999170 0 999990565 999990287 
999994113 999992911 999999176 999995819 999999124 999992828 999999562 999990565 0 999990405 
999990102 999995763 999996766 999991530 999995651 999995049 999995484 999990287 999990405 0 
