16
0 999993181 999996208 999994390 999992229 999996660 999998900 999999376 999993059 999991255 999995430 999995657 999997055 999994767 999996173 999991177 
999993181 0 999990177 999997570 999993941 999997164 999997828 999990706 999999450 999996160 999994080 999996822 999996723 999994879 999992662 999999323 
999996208 999990177 0 999997711 999998172 999997310 999999146 999995984 999999614 999992961 999993638 999998955 999993918 999999509 999990797 999999372 
999994390 999997570 999997711 0 999994544 999994253 999994218 999997434 999997700 999990893 999997308 999994078 999996714 999999982 999994233 999999107 
999992229 999993941 999998172 999994544 0 999993527 999993766 999992144 999994716 999994667 999992454 999999570 999998537 999998895 999998881 999994879 
999996660 999997164 999997310 999994253 999993527 0 999990312 999998992 999997359 999992929 999996604 999995932 999993222 999993977 999992287 999997919 
999998900 999997828 999999146 999994218 999993766 999990312 0 999999300 999999579 999995367 999996989 999990941 999990618 999993883 999997358 999999191 
999999376 999990706 999995984 999997434 999992144 999998992 999999300 0 999994964 999992050 999991435 999992951 999990524 999992096 999994459 999997754 
999993059 999999450 999999614 999997700 999994716 999997359 999999579 999994964 0 999996731 999992319 999999212 999992435 999994052 999990608 999991155 
999991255 999996160 999992961 999990893 999994667 999992929 999995367 999992050 999996731 0 999993033 999990746 999999471 999997747 999999020 999991971 
999995430 999994080 999993638 999997308 999992454 999996604 999996989 999991435 999992319 999993033 0 999995224 999998910 999998459 999999401 999995053 
999995657 999996822 999998955 999994078 999999570 999995932 999990941 999992951 999999212 999990746 999995224 0 999996237 999997784 999999685 999992451 
999997055 999996723 999993918 999996714 999998537 999993222 999990618 999990524 999992435 999999471 999998910 999996237 0 999997455 999996647 999998362 
999994767 999994879 999999509 999999982 999998895 999993977 999993883 999992096 999994052 999997747 999998459 999997784 999997455 0 999999231 999993747 
999996173 999992662 999990797 999994233 999998881 999992287 999997358 999994459 999990608 999999020 999999401 999999685 999996647 999999231 0 999996313 
999991177 999999323 999999372 999999107 999994879 999997919 999999191 999997754 999991155 999991971 999995053 999992451 999998362 999993747 999996313 0 
