0	1898.75	3883.88	4535.22	9374.29	9537.52	11500.3	9022.62	9225.44	14649.6	19087.9	22236.2	22001.8	16028.5	14249.3	9286.81	3591.21	2564.57	1758.35	5263.2	19293.4	21096.2	22501.8	22893.2	21090.4	18187.9	18931.2	19001.2	19515.8	12083.4	11281.2	10360.2	9850.27	9727.93	8801.17	9082.36	9592.27	5880.93	5580.93	3813.17	4441.21	2606.32	1800.09	2847.43	8130.35	8092.57	10830.3	11850.1	8874.29	8606.73	8225.94	8065.58	8203.47	5923.12	5149.78	7641.31	6403.37	7153.37	7934.4	6274.46	9745.77	4885.22	3504.44	2598.9	2359.91	2043.68	1619.42	1207.11	500	1038.52	1140.31	1640.31	1029.61	626.498	930.054	1283.61	1640.31	640.312	1311.13	1758.35	3235.39	3643.92	3103.09	4087.97	4815.99	5623.75	5194.2	4791.09	4387.97	4517.13	4991.48	6993.97
1898.75	0	2111.65	5685.07	7833.71	9842.08	9728.12	7250.39	7453.21	12877.3	17315.7	20463.9	20103	14129.7	12477.1	7388.06	2591.11	4384.76	3657.1	7083.39	17394.7	19197.5	20603	21121	19318.2	16415.7	17159	17228.9	17743.6	10311.2	9508.92	8587.94	8078.04	7955.7	7028.94	7183.61	7693.52	3982.19	3682.19	1914.42	3441.11	1606.23	800	948.683	6358.12	6320.34	9289.73	10309.5	7333.71	8328.2	7947.41	7517.29	6662.89	4382.54	3377.55	7941.56	7553.22	8303.22	8238.96	7424.31	10895.6	6035.07	4654.29	3748.75	3165.66	2849.43	2425.17	2105.86	1398.75	860.233	2039.06	1606.23	2412.45	2525.25	2558.63	2912.18	3359.39	2539.06	3209.88	3657.1	5055.58	5464.11	4923.28	5908.16	6636.17	7443.94	7014.39	6611.27	6208.16	6337.32	6811.66	8072.8
3883.88	2111.65	0	4043.39	5722.06	7730.42	7616.47	5138.74	5341.55	10765.7	15204	18352.3	18740.5	12767.2	10365.4	6025.57	4702.77	5894.91	4194.26	8593.54	16032.2	17835	19240.5	19009.3	17206.5	14304	15047.3	15117.3	15631.9	8199.56	7397.27	6476.29	5966.39	5844.05	4917.29	5417.29	5927.19	6093.84	5793.84	4026.07	5552.77	3717.88	2911.65	1162.97	4246.47	4208.69	7178.08	8197.88	5222.06	6216.54	5835.75	5405.64	4551.24	2270.89	1265.9	5829.9	5911.54	6661.54	6127.3	5782.63	9253.94	4393.39	3012.61	2107.07	1523.98	1840.2	2264.47	2676.78	3383.88	2971.89	4024.2	3717.88	4524.11	4510.38	3115.71	2762.16	3209.37	4209.37	4641.47	5088.68	6565.73	6974.26	6433.43	7418.31	8146.32	8954.09	8524.54	8121.42	7718.31	7847.47	8321.81	10184.4
4535.22	5685.07	4043.39	0	4920.04	5002.3	7656.69	8327.28	8986.67	14410.8	18849.2	21997.4	20981.8	15008.5	11475.1	8266.85	7470.52	6384.36	4683.71	6798.88	18273.5	20076.3	21481.8	22654.4	20851.7	17949.2	18692.5	16226.9	15535.3	8102.98	9967.34	8796.87	9154.93	9489.16	8562.4	8062.4	8572.31	4860.98	4560.98	6328.74	8320.52	6485.64	5679.41	4736.38	7997.23	7397.23	6376.07	7395.87	5055.58	4071.52	3690.73	3530.36	4384.76	3449.45	4454.44	3106.1	1868.15	2618.15	3399.18	1739.24	5210.56	350	1030.78	1936.31	2519.41	2835.64	3259.9	3672.21	4379.32	4917.84	5019.63	5519.63	5564.83	5161.71	3605.16	3251.61	3698.82	4698.82	5130.92	5578.14	7055.18	7463.71	6922.88	7079.68	6351.67	7159.44	8185.9	7782.79	7379.68	7733.23	8086.93	10089.4
9374.29	7833.71	5722.06	4920.04	0	2942.63	2736.65	3535.69	4695.43	10041.6	14480	17628.2	18655.1	12969.6	6555.02	6227.97	10424.8	11223.4	9522.78	11704	16234.6	17749.5	19155.1	18285.2	16482.5	13580	14323.3	11306.9	10615.3	3182.93	5047.29	3876.82	4363.33	5119.97	5119.69	5619.69	5778.03	9421.12	9121.12	9748.13	11274.8	9439.94	8633.71	6885.03	5065.74	4465.74	1456.02	2475.83	500	848.528	1229.32	1659.43	1170.82	3451.17	4456.16	2083.7	3051.89	2301.89	1520.86	3865.83	5375.83	5255.07	5869.85	6775.39	7246.03	7562.26	7986.52	8398.84	9105.94	8693.94	9746.25	9439.94	10246.2	10000.8	8444.24	8090.68	8537.9	9537.9	9969.99	10417.2	11894.3	12302.8	11762	11984.8	11256.7	12064.5	13091	12687.9	12284.8	12638.3	12992	14994.5
9537.52	9842.08	7730.42	5002.3	2942.63	0	2767.23	3566.27	4726.01	10072.2	14510.6	17658.8	18685.6	13000.2	6585.61	6258.55	12433.2	11386.7	9686.01	11786.2	16265.2	17780.1	19185.6	18315.8	16513.1	13610.6	14353.9	11337.5	10645.9	3213.52	5077.88	3907.41	4393.92	5150.55	5150.28	5650.28	5808.61	9451.7	9151.7	10919.5	13283.2	11448.3	10642.1	8893.39	5096.32	4496.32	1486.61	2506.41	3319.49	2275.46	1894.67	2324.79	3179.19	5459.54	6464.52	2749.05	3134.15	2384.15	1603.12	3948.09	5406.41	5337.33	6033.08	6938.62	7521.71	7837.94	8262.2	8674.51	9381.62	9920.14	10021.9	10521.9	10567.1	10164	8607.46	8253.91	8701.12	9701.12	10133.2	10580.4	12057.5	12466	11925.2	12067	11339	12146.8	13173.2	12770.1	12367	12720.6	13074.3	15076.8
11500.3	9728.12	7616.47	7656.69	2736.65	2767.23	0	2477.72	2909.21	7328.35	11766.7	14914.9	15941.8	10901.2	3818.38	4159.56	11508.4	13511.4	11810.7	14440.6	14166.2	15036.3	16441.8	15572	13769.2	10866.7	11610	8570.22	8015.46	583.095	2310.65	1140.18	1650.08	2406.71	3333.47	3551.28	3041.38	7352.71	7052.71	8820.48	11360.5	11334.3	10528.1	8779.44	4004.29	3407.78	1280.62	1290.2	3236.65	3585.17	3965.96	4396.08	3907.47	6187.82	6350.57	4820.34	5788.54	5038.54	4257.51	6602.48	4190.2	7991.72	8606.5	9512.03	9140.44	9456.67	9880.93	10293.2	11000.3	10588.4	11640.7	11334.3	12140.6	12126.8	10732.2	10378.6	10825.8	11825.8	12257.9	12705.1	14182.2	14590.7	14049.9	14721.4	13993.4	14801.2	15827.6	15424.5	15021.4	15375	15728.7	15992.2
9022.62	7250.39	5138.74	8327.28	3535.69	3566.27	2477.72	0	1159.74	6505.92	10944.3	14092.5	15119.4	9433.94	5476.18	2692.28	9841.51	11033.7	9333	13732.3	12698.9	14213.8	15619.4	14749.6	12946.8	10044.3	10787.6	10228	10493.2	3060.82	2508.02	1337.55	827.647	1584.28	1584.01	2084.01	2593.91	5885.43	5585.43	7353.2	9893.24	8856.62	8050.39	6301.71	1530.05	930.054	2079.66	3099.47	4035.69	4384.21	4765	5195.12	4706.51	4877.83	3872.84	5619.38	6587.57	5837.57	5056.55	7401.52	5999.47	8677.28	7296.51	7245.81	6662.72	6978.94	7403.21	7815.52	8522.62	8110.63	9162.94	8856.62	9662.85	9649.12	8254.45	7900.9	8348.11	9348.11	9780.21	10227.4	11704.5	12113	11572.2	12557.1	13285.1	14092.8	13663.3	13260.2	12857.1	12986.2	13460.6	14524.9
9225.44	7453.21	5341.55	8986.67	4695.43	4726.01	2909.21	1159.74	0	5424.13	9862.49	13010.7	14037.6	8274.2	5023.88	1532.54	8881.4	11236.5	9535.81	13935.1	11539.2	13132	14537.6	13667.8	11865	8962.49	9705.79	9775.72	10724.4	3492.3	2055.72	1769.03	1259.13	502.494	424.264	924.264	1434.17	4725.69	4425.69	6193.46	8733.5	9059.43	8253.21	6504.52	1095.08	1695.08	3239.4	4199.41	5195.43	5543.95	5924.74	6354.86	5866.25	5642.86	4637.87	6779.12	7747.32	6997.32	6216.29	8561.26	7099.41	9336.67	8061.54	7448.62	6865.53	7181.76	7606.02	8018.33	8725.44	8313.44	9365.75	9059.43	9865.66	9851.94	8457.26	8103.71	8550.92	9550.92	9983.02	10430.2	11907.3	12315.8	11775	12759.9	13487.9	14295.6	13866.1	13463	13059.9	13189	13663.4	13365.2
14649.6	12877.3	10765.7	14410.8	10041.6	10072.2	7328.35	6505.92	5424.13	0	4438.36	7586.59	8613.46	12775.7	9443.02	6956.67	14305.5	16660.6	14959.9	19359.2	9510.69	7707.92	9113.46	8243.64	6440.86	3538.36	4281.66	14194.9	15143.5	7911.45	6474.86	6188.18	5678.27	4921.64	5848.39	6348.39	6858.3	10149.8	9849.82	11617.6	14157.6	14483.6	13677.3	11928.7	6519.21	7119.21	8585.58	8618.55	10541.6	10890.1	11270.9	11701	11212.4	11067	10062	12125.3	13093.5	12343.5	11562.5	13907.4	11518.6	14760.8	13485.7	12872.8	12289.7	12605.9	13030.2	13442.5	14149.6	13737.6	14789.9	14483.6	15289.8	15276.1	13881.4	13527.8	13975.1	14975.1	15407.2	15854.4	17331.4	17739.9	17199.1	18184	18912	19719.8	19290.2	18887.1	18484	18613.2	19087.5	18789.3
19087.9	17315.7	15204	18849.2	14480	14510.6	11766.7	10944.3	9862.49	4438.36	0	3791.35	4175.1	8337.3	13881.4	11395	18743.9	21099	19398.3	23797.6	5072.33	3269.56	4675.1	3805.27	2002.5	900	1643.3	18633.2	19581.9	12349.8	10913.2	10626.5	10116.6	9360	10286.8	10786.8	11296.7	14588.2	14288.2	16056	18596	18921.9	18115.7	16367	10957.6	11557.6	13023.9	13056.9	14980	15328.5	15709.3	16139.4	15650.8	15505.4	14500.4	16563.7	17531.9	16781.9	16000.8	18345.8	15956.9	19199.2	17924	17311.1	16728	17044.2	17468.5	17880.8	18587.9	18175.9	19228.2	18921.9	19728.1	19714.4	18319.8	17966.2	18413.4	19413.4	19845.5	20292.7	21769.8	22178.3	21637.5	22622.4	23350.4	24158.1	23728.6	23325.5	22922.4	23051.5	23525.9	23227.7
22236.2	20463.9	18352.3	21997.4	17628.2	17658.8	14914.9	14092.5	13010.7	7586.59	3791.35	0	5977	11950.3	17029.6	14543.3	21892.1	24247.2	22546.5	26945.8	8685.32	6882.54	6477	3591.63	1788.85	4048.22	3304.92	21781.4	22730.1	15498	14061.4	13774.8	13264.9	12508.2	13435	13935	14444.9	17736.4	17436.4	19204.2	21744.2	22070.1	21263.9	19515.2	14105.8	14705.8	16172.2	16205.1	18128.2	18476.7	18857.5	19287.6	18799	18653.6	17648.6	19711.9	20680.1	19930.1	19149.1	21494	19105.1	22347.4	21072.3	20459.3	19876.2	20192.5	20616.7	21029	21736.2	21324.2	22376.5	22070.1	22876.4	22862.7	21468	21114.4	21561.6	22561.6	22993.7	23441	24918	25326.5	24785.7	25770.6	26498.6	27306.4	26876.8	26473.7	26070.6	26199.7	26674.1	26375.9
22001.8	20103	18740.5	20981.8	18655.1	18685.6	15941.8	15119.4	14037.6	8613.46	4175.1	5977	0	5973.28	18056.5	12714.9	20876.5	24487.8	22934.8	27186.4	2708.31	905.539	500	2385.37	4188.15	5075.1	5818.4	22808.3	23757	16524.9	15088.3	14801.6	14291.7	13535.1	13823.2	13323.2	13833.1	16120.8	16420.8	18188.6	20128.6	21709.2	20903	19903.5	14494	15094	17199	17232	19155.1	19503.6	19884.4	20314.5	19825.9	19041.8	18036.8	20738.8	21707	20957	20175.9	22520.9	20132	21331.8	21460.5	20847.6	20264.5	20580.7	21005	21417.3	21501.8	20963.2	22142.1	21709.2	22515.5	22628.3	21856.2	21502.7	21949.9	22642.1	23312.9	23760.1	24899	25401.5	25026.3	26011.2	26739.2	27546.9	26898.1	26714.3	26311.2	26274.7	26749	24760.3
16028.5	14129.7	12767.2	15008.5	12969.6	13000.2	10901.2	9433.94	8274.2	12775.7	8337.3	11950.3	5973.28	0	13298.1	6741.66	14903.2	18514.5	16961.5	21213.1	3264.97	5067.74	6473.28	8358.65	10161.4	9237.3	9980.6	18049.9	18916.7	11484.3	10329.9	10043.2	9533.33	8776.7	7849.94	7349.94	7859.84	10147.5	10447.5	12215.3	14155.3	15736	14929.7	13930.2	8520.76	9120.76	11513.6	12191.4	13469.6	13818.2	14198.9	14629.1	14140.4	13068.5	12063.5	15053.3	16021.5	15271.5	14490.5	16747.8	15091.4	15358.5	15487.2	14874.3	14291.2	14607.4	15031.7	15444	15528.5	14990	16168.8	15736	16542.2	16655	15882.9	15529.4	15976.6	16668.8	17339.6	17786.8	18925.7	19428.2	19053	20037.9	20765.9	21573.7	20924.8	20741	20337.9	20301.4	20775.7	18787
14249.3	12477.1	10365.4	11475.1	6555.02	6585.61	3818.38	5476.18	5023.88	9443.02	13881.4	17029.6	18056.5	13298.1	0	6556.42	13905.3	16260.3	14559.7	18259	16563	17150.9	18556.5	17686.7	15883.9	12981.4	13724.7	4751.84	5700.53	4401.47	2968.16	4138.63	4648.54	4521.39	5448.14	5948.14	6458.05	9749.57	9449.57	11217.3	13757.4	14083.3	13277.1	11528.4	6118.97	6406.24	5099	5108.58	7055.02	7403.55	7784.34	8214.46	7725.84	10006.2	9349.03	8638.72	9606.91	8856.91	8075.89	10420.9	8008.58	11810.1	12424.9	12472.5	11889.4	12205.6	12629.9	13042.2	13749.3	13337.3	14389.6	14083.3	14889.5	14875.8	13481.1	13127.6	13574.8	14574.8	15006.9	15454.1	16931.2	17339.7	16798.9	17783.7	17811.8	18619.5	18890	18486.9	18083.7	18212.9	18687.2	18389.1
9286.81	7388.06	6025.57	8266.85	6227.97	6258.55	4159.56	2692.28	1532.54	6956.67	11395	14543.3	12714.9	6741.66	6556.42	0	8161.58	11772.8	10219.8	14471.4	10006.6	11809.4	13214.9	15100.3	13397.5	10495	11238.3	11308.3	12175	4742.65	3588.26	3301.57	2791.67	2035.03	1108.28	608.276	1118.18	3405.88	3705.88	5473.64	7413.68	8994.29	8188.06	7188.54	1779.1	2379.1	4771.95	5449.76	6727.97	7076.5	7457.28	7887.4	7398.79	6326.87	5321.88	8311.66	9279.86	8529.86	7748.83	10006.1	8349.76	8616.85	8745.55	8132.64	7549.54	7865.77	8290.03	8702.34	8786.81	8248.3	9427.12	8994.29	9800.51	9913.31	9141.28	8787.72	9234.94	9927.12	10597.9	11045.2	12184	12686.5	12311.3	13296.2	14024.2	14832	14183.1	13999.3	13596.2	13559.7	14034.1	12045.4
3591.21	2591.11	4702.77	7470.52	10424.8	12433.2	11508.4	9841.51	8881.4	14305.5	18743.9	21892.1	20876.5	14903.2	13905.3	8161.58	0	4693.26	5349.55	6700.38	18168.2	19971	21376.5	22549.2	20746.4	17843.9	18587.2	18657.1	19523.9	12091.5	10937.1	10650.4	10140.5	9383.89	8457.13	7957.13	8467.03	4755.7	4455.7	2687.94	850	984.886	1791.11	3539.79	8949.23	8911.45	11880.8	12798.6	9924.82	10919.3	10538.5	10108.4	9254	6973.65	5968.66	10532.7	9338.68	10088.7	10830.1	9209.77	12681.1	7820.52	6439.75	5534.21	4951.11	4634.89	4210.62	3798.31	3091.21	2552.69	3097.34	2597.34	3403.56	3707.67	4251.08	4604.63	5051.85	4231.52	4902.34	5349.55	4022.44	4524.93	5065.76	6050.65	6778.66	7060.94	6557.92	6154.81	5751.7	5398.14	5872.48	5481.68
2564.57	4384.76	5894.91	6384.36	11223.4	11386.7	13511.4	11033.7	11236.5	16660.6	21099	24247.2	24487.8	18514.5	16260.3	11772.8	4693.26	0	1700.65	2698.63	21779.5	23582.2	24987.8	24904.2	23101.5	20199	20942.3	21012.2	21526.8	14094.5	13292.2	12371.2	11861.3	11739	10812.2	11312.2	11822.1	8366.95	8066.95	6299.18	5543.26	4390.99	3584.76	5333.44	10141.4	10103.6	12679.5	13699.3	10723.4	10455.9	10075.1	9914.72	10052.6	7772.26	7160.81	9490.46	8252.52	9002.52	9783.54	8123.61	11594.9	6734.36	5353.59	4448.05	4370.93	4054.71	4183.99	3771.68	3064.57	3603.09	2985.75	2778.53	1972.31	2375.42	3486.31	3132.75	2685.54	1924.26	1253.44	806.226	670.82	1079.35	538.516	1523.4	2251.41	3059.18	2629.63	2226.52	1823.4	1952.56	2426.9	4429.4
1758.35	3657.1	4194.26	4683.71	9522.78	9686.01	11810.7	9333	9535.81	14959.9	19398.3	22546.5	22934.8	16961.5	14559.7	10219.8	5349.55	1700.65	0	4399.28	20226.4	22029.2	23434.8	23203.6	21400.8	18498.3	19241.6	19311.5	19826.2	12393.8	11591.5	10670.5	10160.6	10038.3	9111.55	9611.55	10121.4	7639.28	7339.28	5571.51	6199.55	4364.67	3558.44	4127.21	8440.73	8402.94	10978.8	11998.6	9022.78	8755.22	8374.44	8214.07	8351.96	6071.61	5460.16	7789.8	6551.86	7301.86	8082.89	6422.95	9894.26	5033.71	3652.93	2747.39	2670.28	2354.05	2650.73	2238.42	2258.35	2796.86	2898.66	3398.66	2787.96	2384.84	1785.65	1432.1	984.886	1118.03	447.214	894.427	2371.47	2780	2239.17	3224.06	3952.07	4759.83	4330.28	3927.17	3524.06	3653.21	4127.56	6130.05
5263.2	7083.39	8593.54	6798.88	11704	11786.2	14440.6	13732.3	13935.1	19359.2	23797.6	26945.8	27186.4	21213.1	18259	14471.4	6700.38	2698.63	4399.28	0	24478.1	26280.9	27686.4	27602.9	25800.1	22897.6	23640.9	23010.8	22319.2	14886.9	15990.8	15069.8	14559.9	14437.6	13510.8	14010.8	14520.7	11065.6	10765.6	8997.81	7550.38	7089.61	6283.39	8032.07	12840	12802.2	13160	14179.8	11839.5	10855.4	10474.6	10314.3	11168.7	10248.3	9859.44	9890.01	8652.07	9402.07	10183.1	7838.12	11309.4	6448.88	7829.66	7146.67	7069.56	6753.33	6882.62	6470.31	5763.2	6301.72	5684.38	5477.16	4670.94	5074.05	6184.93	5831.38	5384.17	4622.89	3952.07	3504.85	2677.94	2175.45	2160.11	1175.22	447.214	360.555	1465.09	1294.63	948.683	1302.24	1598.77	3601.27
19293.4	17394.7	16032.2	18273.5	16234.6	16265.2	14166.2	12698.9	11539.2	9510.69	5072.33	8685.32	2708.31	3264.97	16563	10006.6	18168.2	21779.5	20226.4	24478.1	0	1802.78	3208.31	5093.69	6896.46	5972.33	6715.64	21314.9	22181.6	14749.3	13594.9	13308.2	12798.3	12041.7	11114.9	10614.9	11124.8	13412.5	13712.5	15480.3	17420.3	19000.9	18194.7	17195.2	11785.7	12385.7	14778.6	15456.4	16734.6	17083.1	17463.9	17894	17405.4	16333.5	15328.5	18318.3	19286.5	18536.5	17755.5	20012.7	18356.4	18623.5	18752.2	18139.3	17556.2	17872.4	18296.7	18709	18793.4	18254.9	19433.8	19000.9	19807.1	19919.9	19147.9	18794.4	19241.6	19933.8	20604.6	21051.8	22190.6	22693.1	22318	23302.9	24030.9	24838.6	24189.7	24006	23602.9	23566.4	24040.7	22052
21096.2	19197.5	17835	20076.3	17749.5	17780.1	15036.3	14213.8	13132	7707.92	3269.56	6882.54	905.539	5067.74	17150.9	11809.4	19971	23582.2	22029.2	26280.9	1802.78	0	1405.54	3290.91	5093.69	4169.56	4912.86	21902.8	22851.5	15619.4	14182.8	13896.1	13386.2	12629.6	12917.7	12417.7	12927.6	15215.3	15515.3	17283	19223.1	20803.7	19997.5	18997.9	13588.5	14188.5	16293.5	16326.5	18249.5	18598.1	18978.8	19409	18920.3	18136.3	17131.3	19833.2	20801.4	20051.4	19270.4	21615.4	19226.5	20426.3	20555	19942	19358.9	19675.2	20099.4	20511.7	20596.2	20057.7	21236.5	20803.7	21609.9	21722.7	20950.7	20597.1	21044.3	21736.5	22407.3	22854.6	23993.4	24495.9	24120.7	25105.6	25833.6	26641.4	25992.5	25808.7	25405.6	25369.1	25843.5	23854.8
22501.8	20603	19240.5	21481.8	19155.1	19185.6	16441.8	15619.4	14537.6	9113.46	4675.1	6477	500	6473.28	18556.5	13214.9	21376.5	24987.8	23434.8	27686.4	3208.31	1405.54	0	2885.37	4688.15	5575.1	6318.4	23308.3	24257	17024.9	15588.3	15301.6	14791.7	14035.1	14323.2	13823.2	14333.1	16620.8	16920.8	18688.6	20628.6	22209.2	21403	20403.5	14994	15594	17699	17732	19655.1	20003.6	20384.4	20814.5	20325.9	19541.8	18536.8	21238.8	22207	21457	20675.9	23020.9	20632	21831.8	21960.5	21347.6	20764.5	21080.7	21505	21917.3	22001.8	21463.2	22642.1	22209.2	23015.5	23128.3	22356.2	22002.7	22449.9	23142.1	23812.9	24260.1	25399	25901.5	25526.3	26511.2	27239.2	28046.9	27398.1	27214.3	26811.2	26774.7	27249	25260.3
22893.2	21121	19009.3	22654.4	18285.2	18315.8	15572	14749.6	13667.8	8243.64	3805.27	3591.63	2385.37	8358.65	17686.7	15100.3	22549.2	24904.2	23203.6	27602.9	5093.69	3290.91	2885.37	0	1802.78	4705.27	5448.58	22438.5	23387.2	16155.1	14718.5	14431.8	13921.9	13165.3	14092	14592	15101.9	18393.5	18093.5	19861.2	22401.3	22727.2	21921	20172.3	14762.8	15362.8	16829.2	16862.2	18785.2	19133.8	19514.6	19944.7	19456.1	19310.6	18305.6	20368.9	21337.1	20587.1	19806.1	22151.1	19762.2	23004.4	21729.3	21116.4	20533.3	20849.5	21273.8	21686.1	22393.2	21981.2	23033.5	22727.2	23533.4	23519.7	22125	21771.5	22218.7	23218.7	23650.8	24098	25575	25983.6	25442.7	26427.6	27155.6	27963.4	27533.9	27130.7	26727.6	26856.8	27331.1	27032.9
21090.4	19318.2	17206.5	20851.7	16482.5	16513.1	13769.2	12946.8	11865	6440.86	2002.5	1788.85	4188.15	10161.4	15883.9	13397.5	20746.4	23101.5	21400.8	25800.1	6896.46	5093.69	4688.15	1802.78	0	2902.5	3645.8	20635.7	21584.4	14352.3	12915.7	12629	12119.1	11362.5	12289.3	12789.3	13299.2	16590.7	16290.7	18058.4	20598.5	20924.4	20118.2	18369.5	12960.1	13560.1	15026.4	15059.4	16982.5	17331	17711.8	18141.9	17653.3	17507.8	16502.9	18566.2	19534.4	18784.4	18003.3	20348.3	17959.4	21201.7	19926.5	19313.6	18730.5	19046.7	19471	19883.3	20590.4	20178.4	21230.7	20924.4	21730.6	21716.9	20322.3	19968.7	20415.9	21415.9	21848	22295.2	23772.3	24180.8	23640	24624.9	25352.9	26160.6	25731.1	25328	24924.9	25054	25528.4	25230.2
18187.9	16415.7	14304	17949.2	13580	13610.6	10866.7	10044.3	8962.49	3538.36	900	4048.22	5075.1	9237.3	12981.4	10495	17843.9	20199	18498.3	22897.6	5972.33	4169.56	5575.1	4705.27	2902.5	0	743.303	17733.2	18681.9	11449.8	10013.2	9726.54	9216.63	8460	9386.75	9886.75	10396.7	13688.2	13388.2	15156	17696	18021.9	17215.7	15467	10057.6	10657.6	12123.9	12156.9	14080	14428.5	14809.3	15239.4	14750.8	14605.4	13600.4	15663.7	16631.9	15881.9	15100.8	17445.8	15056.9	18299.2	17024	16411.1	15828	16144.2	16568.5	16980.8	17687.9	17275.9	18328.2	18021.9	18828.1	18814.4	17419.8	17066.2	17513.4	18513.4	18945.5	19392.7	20869.8	21278.3	20737.5	21722.4	22450.4	23258.1	22828.6	22425.5	22022.4	22151.5	22625.9	22327.7
18931.2	17159	15047.3	18692.5	14323.3	14353.9	11610	10787.6	9705.79	4281.66	1643.3	3304.92	5818.4	9980.6	13724.7	11238.3	18587.2	20942.3	19241.6	23640.9	6715.64	4912.86	6318.4	5448.58	3645.8	743.303	0	18476.5	19425.2	12193.1	10756.5	10469.8	9959.94	9203.3	10130.1	10630.1	11140	14431.5	14131.5	15899.3	18439.3	18765.2	17959	16210.3	10800.9	11400.9	12867.2	12900.2	14823.3	15171.8	15552.6	15982.7	15494.1	15348.7	14343.7	16407	17375.2	16625.2	15844.1	18189.1	15800.2	19042.5	17767.3	17154.4	16571.3	16887.6	17311.8	17724.1	18431.2	18019.2	19071.5	18765.2	19571.5	19557.7	18163.1	17809.5	18256.7	19256.7	19688.8	20136	21613.1	22021.6	21480.8	22465.7	23193.7	24001.4	23571.9	23168.8	22765.7	22894.8	23369.2	23071
19001.2	17228.9	15117.3	16226.9	11306.9	11337.5	8570.22	10228	9775.72	14194.9	18633.2	21781.4	22808.3	18049.9	4751.84	11308.3	18657.1	21012.2	19311.5	23010.8	21314.9	21902.8	23308.3	22438.5	20635.7	17733.2	18476.5	0	948.683	8381.04	7720.01	8890.48	9400.38	9273.23	10200	10700	11209.9	14501.4	14201.4	15969.2	18509.2	18835.2	18028.9	16280.2	10870.8	11158.1	9850.84	9088.15	11806.9	12155.4	12536.2	12966.3	12477.7	14758	14100.9	13390.6	14358.8	13608.8	12827.7	15172.7	11988.2	16561.9	17176.7	17224.3	16641.3	16957.5	17381.7	17794.1	18501.2	18089.2	19141.5	18835.2	19641.4	19627.7	18233	17879.4	18326.6	19326.6	19758.7	20206	21683	22091.5	21550.7	22535.6	22563.6	23371.4	23641.8	23238.7	22835.6	22964.7	23439.1	23140.9
19515.8	17743.6	15631.9	15535.3	10615.3	10645.9	8015.46	10493.2	10724.4	15143.5	19581.9	22730.1	23757	18916.7	5700.53	12175	19523.9	21526.8	19826.2	22319.2	22181.6	22851.5	24257	23387.2	21584.4	18681.9	19425.2	948.683	0	7432.36	8668.69	9155.63	9665.53	10221.9	11148.7	11566.7	11056.8	15368.2	15068.2	16835.9	19376	19349.8	18543.6	16794.9	11819.5	11423.2	9159.27	8139.47	11115.3	11463.8	11844.6	12274.7	11786.1	14066.5	14366	12699	13667.2	12917.2	12136.2	14481.1	11039.5	15870.4	16485.1	17390.7	17155.9	17472.1	17896.4	18308.7	19015.8	18603.8	19656.1	19349.8	20156	20142.3	18747.6	18394.1	18841.3	19841.3	20273.4	20720.6	22197.7	22606.2	22065.3	22600	21872	22679.8	23706.3	23303.2	22900	23253.6	23607.3	24007.7
12083.4	10311.2	8199.56	8102.98	3182.93	3213.52	583.095	3060.82	3492.3	7911.45	12349.8	15498	16524.9	11484.3	4401.47	4742.65	12091.5	14094.5	12393.8	14886.9	14749.3	15619.4	17024.9	16155.1	14352.3	11449.8	12193.1	8381.04	7432.36	0	2893.74	1723.27	2233.17	2989.81	3916.57	4134.38	3624.48	7935.81	7635.81	9403.57	11943.6	11917.4	11111.2	9362.53	4587.39	3990.87	1726.91	707.107	3682.93	4031.46	4412.25	4842.37	4353.75	6634.1	6933.66	5266.63	6234.82	5484.82	4703.8	7048.76	3607.11	8438.01	9052.78	9958.32	9723.54	10039.8	10464	10876.3	11583.4	11171.4	12223.8	11917.4	12723.7	12709.9	11315.3	10961.7	11408.9	12408.9	12841	13288.2	14765.3	15173.8	14633	15167.7	14439.7	15247.4	16273.9	15870.8	15467.7	15821.2	16174.9	16575.3
11281.2	9508.92	7397.27	9967.34	5047.29	5077.88	2310.65	2508.02	2055.72	6474.86	10913.2	14061.4	15088.3	10329.9	2968.16	3588.26	10937.1	13292.2	11591.5	15990.8	13594.9	14182.8	15588.3	14718.5	12915.7	10013.2	10756.5	7720.01	8668.69	2893.74	0	1170.47	1680.37	1553.22	2479.98	2979.98	3489.88	6781.41	6481.41	8249.18	10789.2	11115.1	10308.9	8560.24	3150.8	3438.07	3591.27	3600.85	5547.29	5895.82	6276.61	6706.73	6218.11	7385.85	6380.86	7130.99	8099.18	7349.18	6568.16	8913.12	6500.85	10302.4	9804.53	9504.34	8921.24	9237.47	9661.74	10074	10781.2	10369.2	11421.5	11115.1	11921.4	11907.7	10513	10159.4	10606.6	11606.6	12038.7	12486	13963	14371.5	13830.7	14815.6	15543.6	16351.4	15921.8	15518.7	15115.6	15244.7	15719.1	15420.9
10360.2	8587.94	6476.29	8796.87	3876.82	3907.41	1140.18	1337.55	1769.03	6188.18	10626.5	13774.8	14801.6	10043.2	4138.63	3301.57	10650.4	12371.2	10670.5	15069.8	13308.2	13896.1	15301.6	14431.8	12629	9726.54	10469.8	8890.48	9155.63	1723.27	1170.47	0	509.902	1266.54	2193.3	2693.3	3203.2	6494.73	6194.73	7962.49	10502.5	10194.2	9387.94	7639.26	2864.12	2267.6	2420.8	2430.38	4376.82	4725.35	5106.14	5536.26	5047.64	6215.38	5210.39	5960.52	6928.71	6178.71	5397.69	7742.65	5330.38	9131.9	8634.06	8583.36	8000.26	8316.49	8740.76	9153.07	9860.17	9448.18	10500.5	10194.2	11000.4	10986.7	9592	9238.45	9685.66	10685.7	11117.8	11565	13042	13450.5	12909.7	13894.6	14622.6	15430.4	15000.8	14597.7	14194.6	14323.8	14798.1	15134.2
9850.27	8078.04	5966.39	9154.93	4363.33	4393.92	1650.08	827.647	1259.13	5678.27	10116.6	13264.9	14291.7	9533.33	4648.54	2791.67	10140.5	11861.3	10160.6	14559.9	12798.3	13386.2	14791.7	13921.9	12119.1	9216.63	9959.94	9400.38	9665.53	2233.17	1680.37	509.902	0	756.637	1683.4	2183.4	2693.3	5984.82	5684.82	7452.59	9992.63	9684.27	8878.04	7129.36	2354.22	1757.7	2907.31	2940.28	4863.33	5211.86	5592.65	6022.77	5534.15	5705.48	4700.49	6447.03	7415.22	6665.22	5884.2	8229.16	5840.28	9504.93	8124.15	8073.46	7490.36	7806.59	8230.85	8643.17	9350.27	8938.27	9990.58	9684.27	10490.5	10476.8	9082.1	8728.54	9175.76	10175.8	10607.9	11055.1	12532.1	12940.6	12399.8	13384.7	14112.7	14920.5	14490.9	14087.8	13684.7	13813.9	14288.2	14624.3
9727.93	7955.7	5844.05	9489.16	5119.97	5150.55	2406.71	1584.28	502.494	4921.64	9360	12508.2	13535.1	8776.7	4521.39	2035.03	9383.89	11739	10038.3	14437.6	12041.7	12629.6	14035.1	13165.3	11362.5	8460	9203.3	9273.23	10221.9	2989.81	1553.22	1266.54	756.637	0	926.758	1426.76	1936.66	5228.19	4928.19	6695.95	9235.99	9561.93	8755.7	7007.02	1597.58	2197.58	3663.95	3696.92	5619.97	5968.5	6349.29	6779.4	6290.79	6145.35	5140.37	7203.67	8171.86	7421.86	6640.83	8985.8	6596.92	9839.16	8564.03	7951.12	7368.02	7684.25	8108.51	8520.82	9227.93	8815.93	9868.24	9561.93	10368.2	10354.4	8959.76	8606.2	9053.42	10053.4	10485.5	10932.7	12409.8	12818.3	12277.5	13262.4	13990.4	14798.1	14368.6	13965.5	13562.4	13691.5	14165.9	13867.7
8801.17	7028.94	4917.29	8562.4	5119.69	5150.28	3333.47	1584.01	424.264	5848.39	10286.8	13435	13823.2	7849.94	5448.14	1108.28	8457.13	10812.2	9111.55	13510.8	11114.9	12917.7	14323.2	14092	12289.3	9386.75	10130.1	10200	11148.7	3916.57	2479.98	2193.3	1683.4	926.758	0	500	1009.9	4301.43	4001.43	5769.2	8309.23	8635.17	7828.94	6080.26	670.82	1270.82	3663.67	4623.67	5619.69	5968.22	6349.01	6779.12	6290.51	5218.6	4213.61	7203.39	8171.58	7421.58	6640.56	8985.52	7523.67	8912.4	7637.27	7024.36	6441.26	6757.49	7181.76	7594.07	8301.17	7889.18	8941.49	8635.17	9441.39	9427.67	8033	7679.45	8126.66	9126.66	9558.76	10006	11483	11891.5	11350.7	12335.6	13063.6	13871.4	13441.8	13038.7	12635.6	12764.8	13239.1	12940.9
9082.36	7183.61	5417.29	8062.4	5619.69	5650.28	3551.28	2084.01	924.264	6348.39	10786.8	13935	13323.2	7349.94	5948.14	608.276	7957.13	11312.2	9611.55	14010.8	10614.9	12417.7	13823.2	14592	12789.3	9886.75	10630.1	10700	11566.7	4134.38	2979.98	2693.3	2183.4	1426.76	500	0	509.902	3801.43	3501.43	5269.2	7809.23	8789.84	7983.61	6580.26	1170.82	1770.82	4163.67	4841.49	6119.69	6468.22	6849.01	7279.12	6790.51	5718.6	4713.61	7703.39	8671.58	7921.58	7140.56	9485.52	7741.49	8412.4	8137.27	7524.36	6941.26	7257.49	7681.76	8094.07	8582.36	8043.85	9222.68	8789.84	9596.07	9708.86	8533	8179.45	8626.66	9626.66	10058.8	10506	11979.6	12391.5	11850.7	12835.6	13563.6	14371.4	13941.8	13538.7	13135.6	13264.8	13739.1	12440.9
9592.27	7693.52	5927.19	8572.31	5778.03	5808.61	3041.38	2593.91	1434.17	6858.3	11296.7	14444.9	13833.1	7859.84	6458.05	1118.18	8467.03	11822.1	10121.4	14520.7	11124.8	12927.6	14333.1	15101.9	13299.2	10396.7	11140	11209.9	11056.8	3624.48	3489.88	3203.2	2693.3	1936.66	1009.9	509.902	0	4311.33	4011.33	5779.1	8319.14	9299.74	8493.52	7090.16	1680.72	2280.72	4322.01	4331.58	6278.03	6626.56	7007.34	7437.46	6948.85	6228.5	5223.51	7861.73	8829.92	8079.92	7298.89	9643.86	7231.58	8922.31	8647.18	8034.26	7451.17	7767.39	8191.66	8603.97	9092.27	8553.75	9732.58	9299.74	10106	10218.8	9042.9	8689.35	9136.56	10136.6	10568.7	11015.9	12489.5	12901.5	12360.6	13345.5	14073.5	14881.3	14451.7	14048.6	13645.5	13774.7	14249	12950.8
5880.93	3982.19	6093.84	4860.98	9421.12	9451.7	7352.71	5885.43	4725.69	10149.8	14588.2	17736.4	16120.8	10147.5	9749.57	3405.88	4755.7	8366.95	7639.28	11065.6	13412.5	15215.3	16620.8	18393.5	16590.7	13688.2	14431.5	14501.4	15368.2	7935.81	6781.41	6494.73	5984.82	5228.19	4301.43	3801.43	4311.33	0	300	2067.77	4007.8	5588.41	4782.19	4930.87	4972.25	5572.25	7965.1	8642.91	9916.56	8932.49	8551.7	8391.34	9245.74	8310.43	7359.74	7967.07	6729.13	7479.13	8260.15	6600.22	10071.5	5210.98	5891.75	6797.29	7147.84	6831.62	6407.35	6088.04	5380.93	4842.42	6021.25	5588.41	6394.64	6507.43	6540.81	6894.36	7341.58	6521.25	7192.07	7639.28	8778.14	9280.63	8905.46	9890.35	10618.4	11426.1	10777.2	10593.5	10190.3	10153.8	10628.2	8639.49
5580.93	3682.19	5793.84	4560.98	9121.12	9151.7	7052.71	5585.43	4425.69	9849.82	14288.2	17436.4	16420.8	10447.5	9449.57	3705.88	4455.7	8066.95	7339.28	10765.6	13712.5	15515.3	16920.8	18093.5	16290.7	13388.2	14131.5	14201.4	15068.2	7635.81	6481.41	6194.73	5684.82	4928.19	4001.43	3501.43	4011.33	300	0	1767.77	4307.8	5288.41	4482.19	4630.87	4672.25	5272.25	7665.1	8342.91	9616.56	8632.49	8251.7	8091.34	8945.74	8010.43	7059.74	7667.07	6429.13	7179.13	7960.15	6300.22	9771.53	4910.98	5591.75	6497.29	6847.84	6531.62	6107.35	5788.04	5080.93	4542.42	5721.25	5288.41	6094.64	6207.43	6240.81	6594.36	7041.58	6221.25	6892.07	7339.28	8478.14	8980.63	8605.46	9590.35	10318.4	11126.1	10696.6	10293.5	9890.35	9853.85	10328.2	8939.49
3813.17	1914.42	4026.07	6328.74	9748.13	10919.5	8820.48	7353.2	6193.46	11617.6	16056	19204.2	18188.6	12215.3	11217.3	5473.64	2687.94	6299.18	5571.51	8997.81	15480.3	17283	18688.6	19861.2	18058.4	15156	15899.3	15969.2	16835.9	9403.57	8249.18	7962.49	7452.59	6695.95	5769.2	5269.2	5779.1	2067.77	1767.77	0	3537.94	3520.64	2714.42	2863.1	6440.02	7040.02	9432.86	10110.7	9248.13	10242.6	9861.83	9431.71	8577.31	6296.96	5291.97	9434.84	8196.9	8946.9	9727.92	8067.99	11539.3	6678.74	6568.71	5663.17	5080.08	4763.85	4339.58	4020.27	3313.17	2774.65	3953.48	3520.64	4326.87	4439.67	4473.04	4826.6	5273.81	4453.48	5124.3	5571.51	6710.37	7212.87	6837.7	7822.58	8550.59	9358.36	8928.81	8525.69	8122.58	8086.08	8560.42	8169.62
4441.21	3441.11	5552.77	8320.52	11274.8	13283.2	11360.5	9893.24	8733.5	14157.6	18596	21744.2	20128.6	14155.3	13757.4	7413.68	850	5543.26	6199.55	7550.38	17420.3	19223.1	20628.6	22401.3	20598.5	17696	18439.3	18509.2	19376	11943.6	10789.2	10502.5	9992.63	9235.99	8309.23	7809.23	8319.14	4007.8	4307.8	3537.94	0	1834.89	2641.11	4389.79	8980.05	9580.05	11972.9	12650.7	10774.8	11769.3	11388.5	10958.4	10104	7823.65	6818.66	11382.7	10188.7	10938.7	11680.1	10059.8	13531.1	8670.52	7289.75	6384.21	5801.11	5484.89	5060.62	4648.31	3941.21	3402.69	3947.34	3447.34	4253.56	4557.67	5101.08	5454.63	5901.85	5081.52	5752.34	6199.55	4872.44	5374.93	5915.76	6900.65	7628.66	7872.4	6769.44	6938.32	6601.7	6248.14	6634.18	4631.68
2606.32	1606.23	3717.88	6485.64	9439.94	11448.3	11334.3	8856.62	9059.43	14483.6	18921.9	22070.1	21709.2	15736	14083.3	8994.29	984.886	4390.99	4364.67	7089.61	19000.9	20803.7	22209.2	22727.2	20924.4	18021.9	18765.2	18835.2	19349.8	11917.4	11115.1	10194.2	9684.27	9561.93	8635.17	8789.84	9299.74	5588.41	5288.41	3520.64	1834.89	0	806.226	2554.91	7964.35	7926.57	10896	11915.8	8939.94	9934.42	9553.63	9123.52	8269.12	5988.77	4983.78	9547.78	8353.79	9103.79	9845.18	8224.88	11696.2	6835.64	5454.86	4549.32	3966.23	3650	3225.74	2813.43	2106.32	1567.8	2112.45	1612.45	2418.68	2722.78	3266.2	3619.75	4066.96	3246.63	3917.45	4364.67	5007.32	5470.33	4929.5	5914.39	6642.4	7450.17	7020.61	6617.5	6214.39	6343.55	6817.89	6466.57
1800.09	800	2911.65	5679.41	8633.71	10642.1	10528.1	8050.39	8253.21	13677.3	18115.7	21263.9	20903	14929.7	13277.1	8188.06	1791.11	3584.76	3558.44	6283.39	18194.7	19997.5	21403	21921	20118.2	17215.7	17959	18028.9	18543.6	11111.2	10308.9	9387.94	8878.04	8755.7	7828.94	7983.61	8493.52	4782.19	4482.19	2714.42	2641.11	806.226	0	1748.68	7158.12	7120.34	10089.7	11109.5	8133.71	9128.2	8747.41	8317.29	7462.89	5182.54	4177.55	8741.56	7547.57	8297.57	9038.96	7418.66	10890	6029.41	4648.64	3743.1	3160	2843.78	2419.51	2007.2	1300.09	761.577	1306.23	806.226	1612.45	1916.55	2459.97	2813.52	3260.74	2440.41	3111.23	3558.44	4255.58	4664.11	4123.28	5108.16	5836.17	6643.94	6214.39	5811.27	5408.16	5537.32	6011.66	7272.8
2847.43	948.683	1162.97	4736.38	6885.03	8893.39	8779.44	6301.71	6504.52	11928.7	16367	19515.2	19903.5	13930.2	11528.4	7188.54	3539.79	5333.44	4127.21	8032.07	17195.2	18997.9	20403.5	20172.3	18369.5	15467	16210.3	16280.2	16794.9	9362.53	8560.24	7639.26	7129.36	7007.02	6080.26	6580.26	7090.16	4930.87	4630.87	2863.1	4389.79	2554.91	1748.68	0	5409.44	5371.66	8341.05	9360.85	6385.03	7379.51	6998.72	6568.61	5714.21	3433.86	2428.87	6992.87	6604.54	7354.54	7290.27	6475.63	9946.94	5086.38	3705.61	2800.07	2216.97	1900.75	1476.48	1888.79	2347.43	1808.92	2987.74	2554.91	3361.13	3473.93	2341.56	2695.12	3142.33	3487.74	4158.57	4605.78	6004.26	6412.79	5871.96	6856.85	7584.86	8392.63	7963.07	7559.96	7156.85	7286	7760.35	9021.48
8130.35	6358.12	4246.47	7997.23	5065.74	5096.32	4004.29	1530.05	1095.08	6519.21	10957.6	14105.8	14494	8520.76	6118.97	1779.1	8949.23	10141.4	8440.73	12840	11785.7	13588.5	14994	14762.8	12960.1	10057.6	10800.9	10870.8	11819.5	4587.39	3150.8	2864.12	2354.22	1597.58	670.82	1170.82	1680.72	4972.25	4672.25	6440.02	8980.05	7964.35	7158.12	5409.44	0	600	3609.72	4629.52	5565.74	5914.27	6295.06	6725.17	6236.56	4547.78	3542.79	7149.44	8117.63	7367.63	6586.6	8931.57	7529.52	8347.23	6966.45	6353.54	5770.44	6086.67	6510.94	6923.25	7630.35	7218.36	8270.67	7964.35	8770.57	8756.85	7362.18	7008.63	7455.84	8455.84	8887.94	9335.15	10812.2	11220.7	10679.9	11664.8	12392.8	13200.6	12771	12367.9	11964.8	12093.9	12568.3	13611.7
8092.57	6320.34	4208.69	7397.23	4465.74	4496.32	3407.78	930.054	1695.08	7119.21	11557.6	14705.8	15094	9120.76	6406.24	2379.1	8911.45	10103.6	8402.94	12802.2	12385.7	14188.5	15594	15362.8	13560.1	10657.6	11400.9	11158.1	11423.2	3990.87	3438.07	2267.6	1757.7	2197.58	1270.82	1770.82	2280.72	5572.25	5272.25	7040.02	9580.05	7926.57	7120.34	5371.66	600	0	3009.72	4029.52	4965.74	5314.27	5695.06	6125.17	5636.56	3947.78	2942.79	6549.44	7517.63	6767.63	5986.6	8331.57	6929.52	7747.23	6366.45	6315.76	5732.66	6048.89	6473.15	6885.46	7592.57	7180.57	8232.88	7926.57	8732.79	8719.07	7324.4	6970.84	7418.06	8418.06	8850.16	9297.37	10774.4	11182.9	10642.1	11627	12355	13162.8	12733.2	12330.1	11927	12056.2	12530.5	14211.7
10830.3	9289.73	7178.08	6376.07	1456.02	1486.61	1280.62	2079.66	3239.4	8585.58	13023.9	16172.2	17199	11513.6	5099	4771.95	11880.8	12679.5	10978.8	13160	14778.6	16293.5	17699	16829.2	15026.4	12123.9	12867.2	9850.84	9159.27	1726.91	3591.27	2420.8	2907.31	3663.95	3663.67	4163.67	4322.01	7965.1	7665.1	9432.86	11972.9	10896	10089.7	8341.05	3609.72	3009.72	0	1019.8	1956.02	2304.55	2685.34	3115.46	2626.84	4907.19	5912.18	3539.72	4507.91	3757.91	2976.89	5321.85	3919.8	6711.1	7325.87	8231.41	8702.05	9018.28	9442.55	9854.86	10562	10150	11202.3	10896	11702.2	11456.8	9900.26	9546.7	9993.92	10993.9	11426	11873.2	13350.3	13758.8	13218	13440.8	12712.8	13520.5	14547	14143.9	13740.8	14094.3	14448	16450.5
11850.1	10309.5	8197.88	7395.87	2475.83	2506.41	1290.2	3099.47	4199.41	8618.55	13056.9	16205.1	17232	12191.4	5108.58	5449.76	12798.6	13699.3	11998.6	14179.8	15456.4	16326.5	17732	16862.2	15059.4	12156.9	12900.2	9088.15	8139.47	707.107	3600.85	2430.38	2940.28	3696.92	4623.67	4841.49	4331.58	8642.91	8342.91	10110.7	12650.7	11915.8	11109.5	9360.85	4629.52	4029.52	1019.8	0	2975.83	3324.35	3705.14	4135.26	3646.65	5927	6931.98	4559.52	5527.72	4777.72	3996.69	6341.66	2900	7730.9	8345.67	9251.21	9721.86	10038.1	10462.4	10874.7	11581.8	11169.8	12222.1	11915.8	12722	12476.6	10920.1	10566.5	11013.7	12013.7	12445.8	12893	14370.1	14778.6	14237.8	14460.6	13732.6	14540.3	15566.8	15163.7	14760.6	15114.1	15467.8	17282.4
8874.29	7333.71	5222.06	5055.58	500	3319.49	3236.65	4035.69	5195.43	10541.6	14980	18128.2	19155.1	13469.6	7055.02	6727.97	9924.82	10723.4	9022.78	11839.5	16734.6	18249.5	19655.1	18785.2	16982.5	14080	14823.3	11806.9	11115.3	3682.93	5547.29	4376.82	4863.33	5619.97	5619.69	6119.69	6278.03	9916.56	9616.56	9248.13	10774.8	8939.94	8133.71	6385.03	5565.74	4965.74	1956.02	2975.83	0	1044.03	1424.82	1525.22	670.82	2951.17	3956.16	1949.48	3187.43	2497.39	1716.37	4001.37	5875.83	5390.61	5369.85	6275.39	6746.03	7062.26	7486.52	7898.84	8605.94	8193.94	9246.25	8939.94	9746.16	9500.79	7944.24	7590.68	8037.9	9037.9	9469.99	9917.21	11394.3	11802.8	11262	12120.3	11392.3	12200	13226.5	12823.4	12420.3	12676	13127.5	15130
8606.73	8328.2	6216.54	4071.52	848.528	2275.46	3585.17	4384.21	5543.95	10890.1	15328.5	18476.7	19503.6	13818.2	7403.55	7076.5	10919.3	10455.9	8755.22	10855.4	17083.1	18598.1	20003.6	19133.8	17331	14428.5	15171.8	12155.4	11463.8	4031.46	5895.82	4725.35	5211.86	5968.5	5968.22	6468.22	6626.56	8932.49	8632.49	10242.6	11769.3	9934.42	9128.2	7379.51	5914.27	5314.27	2304.55	3324.35	1044.03	0	380.789	810.905	1665.31	3945.66	4950.64	1235.17	2203.36	1453.36	672.336	3017.3	6224.35	4406.55	5102.29	6007.83	6590.93	6907.15	7331.42	7743.73	8450.83	8989.35	9091.15	9591.15	9636.34	9233.23	7676.68	7323.12	7770.34	8770.34	9202.44	9649.65	11126.7	11535.2	10994.4	11136.2	10408.2	11216	12242.4	11839.3	11436.2	11789.8	12143.5	14146
8225.94	7947.41	5835.75	3690.73	1229.32	1894.67	3965.96	4765	5924.74	11270.9	15709.3	18857.5	19884.4	14198.9	7784.34	7457.28	10538.5	10075.1	8374.44	10474.6	17463.9	18978.8	20384.4	19514.6	17711.8	14809.3	15552.6	12536.2	11844.6	4412.25	6276.61	5106.14	5592.65	6349.29	6349.01	6849.01	7007.34	8551.7	8251.7	9861.83	11388.5	9553.63	8747.41	6998.72	6295.06	5695.06	2685.34	3705.14	1424.82	380.789	0	430.116	1284.52	3564.87	4569.86	854.38	1822.57	1072.57	291.548	2636.51	6107.82	4025.76	4721.5	5627.04	6210.14	6526.36	6950.63	7362.94	8070.05	8608.56	8710.36	9210.36	9255.55	8852.44	7295.89	6942.34	7389.55	8389.55	8821.65	9268.86	10745.9	11154.4	10613.6	10755.4	10027.4	10835.2	11861.7	11458.5	11055.4	11409	11762.7	13765.2
8065.58	7517.29	5405.64	3530.36	1659.43	2324.79	4396.08	5195.12	6354.86	11701	16139.4	19287.6	20314.5	14629.1	8214.46	7887.4	10108.4	9914.72	8214.07	10314.3	17894	19409	20814.5	19944.7	18141.9	15239.4	15982.7	12966.3	12274.7	4842.37	6706.73	5536.26	6022.77	6779.4	6779.12	7279.12	7437.46	8391.34	8091.34	9431.71	10958.4	9123.52	8317.29	6568.61	6725.17	6125.17	3115.46	4135.26	1525.22	810.905	430.116	0	854.4	3134.75	4139.74	424.264	1662.21	1502.69	721.664	2476.15	5947.46	3865.39	4561.14	5466.67	6049.77	6366	6790.26	7202.57	7909.68	8377.52	8549.99	9049.99	9095.19	8692.07	7135.52	6781.97	7229.18	8229.18	8661.28	9108.5	10585.5	10994.1	10453.2	10595.1	9867.06	10674.8	11701.3	11298.2	10895.1	11248.6	11602.3	13604.8
8203.47	6662.89	4551.24	4384.76	1170.82	3179.19	3907.47	4706.51	5866.25	11212.4	15650.8	18799	19825.9	14140.4	7725.84	7398.79	9254	10052.6	8351.96	11168.7	17405.4	18920.3	20325.9	19456.1	17653.3	14750.8	15494.1	12477.7	11786.1	4353.75	6218.11	5047.64	5534.15	6290.79	6290.51	6790.51	6948.85	9245.74	8945.74	8577.31	10104	8269.12	7462.89	5714.21	6236.56	5636.56	2626.84	3646.65	670.82	1665.31	1284.52	854.4	0	2280.35	3285.34	1278.66	2516.61	2357.09	1576.06	3330.55	6546.65	4719.79	4699.03	5604.57	6075.21	6391.44	6815.7	7228.01	7935.12	7523.12	8575.43	8269.12	9075.34	8829.97	7273.41	6919.86	7367.07	8367.07	8799.17	9246.39	10723.4	11132	10591.1	11449.5	10721.5	11529.2	12555.7	12152.6	11749.5	12005.2	12456.7	14459.2
5923.12	4382.54	2270.89	3449.45	3451.17	5459.54	6187.82	4877.83	5642.86	11067	15505.4	18653.6	19041.8	13068.5	10006.2	6326.87	6973.65	7772.26	6071.61	10248.3	16333.5	18136.3	19541.8	19310.6	17507.8	14605.4	15348.7	14758	14066.5	6634.1	7385.85	6215.38	5705.48	6145.35	5218.6	5718.6	6228.5	8310.43	8010.43	6296.96	7823.65	5988.77	5182.54	3433.86	4547.78	3947.78	4907.19	5927	2951.17	3945.66	3564.87	3134.75	2280.35	0	1004.99	3559.02	4796.96	4637.44	3856.42	5188.7	8660.01	3799.45	2418.68	3324.22	3794.86	4111.09	4535.35	4947.66	5654.77	5242.77	6295.08	5988.77	6794.99	6549.62	4993.06	4639.51	5086.72	6086.72	6518.82	6966.04	8443.08	8851.61	8310.78	9295.67	9801.12	10608.9	10401.9	9998.78	9595.67	9724.82	10199.2	12201.7
5149.78	3377.55	1265.9	4454.44	4456.16	6464.52	6350.57	3872.84	4637.87	10062	14500.4	17648.6	18036.8	12063.5	9349.03	5321.88	5968.66	7160.81	5460.16	9859.44	15328.5	17131.3	18536.8	18305.6	16502.9	13600.4	14343.7	14100.9	14366	6933.66	6380.86	5210.39	4700.49	5140.37	4213.61	4713.61	5223.51	7359.74	7059.74	5291.97	6818.66	4983.78	4177.55	2428.87	3542.79	2942.79	5912.18	6931.98	3956.16	4950.64	4569.86	4139.74	3285.34	1004.99	0	4564	5801.94	5642.43	4861.4	6193.69	9665	4804.44	3423.66	3372.97	2789.87	3106.1	3530.37	3942.68	4649.78	4237.79	5290.1	4983.78	5790	5776.28	4381.61	4028.06	4475.27	5475.27	5907.37	6354.58	7831.63	8240.16	7699.32	8684.21	9412.22	10220	9790.44	9387.32	8984.21	9113.37	9587.71	11450.3
7641.31	7941.56	5829.9	3106.1	2083.7	2749.05	4820.34	5619.38	6779.12	12125.3	16563.7	19711.9	20738.8	15053.3	8638.72	8311.66	10532.7	9490.46	7789.8	9890.01	18318.3	19833.2	21238.8	20368.9	18566.2	15663.7	16407	13390.6	12699	5266.63	7130.99	5960.52	6447.03	7203.67	7203.39	7703.39	7861.73	7967.07	7667.07	9434.84	11382.7	9547.78	8741.56	6992.87	7149.44	6549.44	3539.72	4559.52	1949.48	1235.17	854.38	424.264	1278.66	3559.02	4564	0	1237.94	1926.95	1145.93	2051.88	5523.19	3441.13	4136.87	5042.41	5625.51	5941.73	6366	6778.31	7485.42	8023.93	8125.73	8625.73	8670.92	8267.81	6711.26	6357.71	6804.92	7804.92	8237.02	8684.23	10161.3	10569.8	10029	10170.8	9442.79	10250.6	11277	10873.9	10470.8	10824.4	11178.1	13180.6
